Read 1:600
	1	2	3	4	5	6	7	8	9	10	11	12
A	1.425	0.271	0.060	0.046	0.040	0.038	0.037	0.037	0.036	0.036	0.036	0.036	Read 1:600
B	1.427	0.272	0.060	0.082	0.040	0.038	0.037	0.037	0.037	0.044	0.037	0.037	Read 1:600
C	0.051	0.046	0.044	0.044	0.051	0.048	0.045	0.049	0.053	0.052	0.036	0.036	Read 1:600
D	0.046	0.046	0.046	0.046	0.046	0.046	0.046	0.046	0.047	0.046	0.046	0.046	Read 1:600
E	0.046	0.046	0.046	0.046	0.046	0.046	0.046	0.046	0.046	0.046	0.046	0.046	Read 1:600
F	0.046	0.046	0.046	0.046	0.046	0.046	0.046	0.046	0.046	0.046	0.046	0.046	Read 1:600
G	0.046	0.046	0.046	0.046	0.046	0.046	0.046	0.046	0.046	0.046	0.046	0.046	Read 1:600
H	0.046	0.046	0.046	0.046	0.046	0.046	0.046	0.046	0.046	0.046	0.046	0.046	Read 1:600

Read 1:620
	1	2	3	4	5	6	7	8	9	10	11	12
A	1.409	0.261	0.059	0.045	0.040	0.038	0.037	0.037	0.036	0.036	0.036	0.036	Read 1:620
B	1.400	0.260	0.059	0.059	0.040	0.038	0.037	0.036	0.036	0.036	0.036	0.036	Read 1:620
C	0.045	0.046	0.044	0.043	0.044	0.043	0.045	0.046	0.045	0.046	0.036	0.036	Read 1:620
D	0.045	0.046	0.046	0.046	0.046	0.045	0.045	0.046	0.046	0.045	0.045	0.046	Read 1:620
E	0.046	0.045	0.046	0.046	0.046	0.046	0.046	0.046	0.046	0.046	0.046	0.046	Read 1:620
F	0.045	0.045	0.046	0.045	0.045	0.046	0.046	0.045	0.045	0.045	0.045	0.045	Read 1:620
G	0.045	0.046	0.046	0.045	0.045	0.045	0.045	0.045	0.045	0.045	0.045	0.046	Read 1:620
H	0.046	0.046	0.046	0.046	0.046	0.045	0.045	0.046	0.046	0.045	0.045	0.046	Read 1:620

Read 2:485,528
	1	2	3	4	5	6	7	8	9	10	11	12
A	907	187	31	0	4	2	0	6	3	0	0	1	Read 2:485,528
B	898	184	19	0	8	0	2	2	0	0	0	0	Read 2:485,528
C	4	6	0	7	0	0	9	3	7	4	0	3	Read 2:485,528
D	0	3	8	9	1	6	3	3	7	4	0	6	Read 2:485,528
E	7	4	0	2	2	1	7	0	1	0	3	3	Read 2:485,528
F	4	5	7	3	0	6	0	0	7	0	0	4	Read 2:485,528
G	2	11	0	0	0	0	6	9	1	4	4	2	Read 2:485,528
H	0	5	1	2	12	0	7	8	0	1	0	4	Read 2:485,528

Read 2:485,528[2]
	1	2	3	4	5	6	7	8	9	10	11	12
A	17830	3540	467	23	76	57	44	42	28	27	38	39	Read 2:485,528[2]
B	17719	3534	453	33	78	66	48	30	35	26	40	26	Read 2:485,528[2]
C	30	35	18	27	30	22	25	35	26	29	32	42	Read 2:485,528[2]
D	23	32	26	28	21	28	25	23	17	25	28	28	Read 2:485,528[2]
E	27	27	25	24	24	21	24	25	41	26	26	24	Read 2:485,528[2]
F	24	14	22	24	24	15	23	30	30	28	28	39	Read 2:485,528[2]
G	31	35	22	25	37	27	15	30	25	27	31	28	Read 2:485,528[2]
H	26	33	28	33	36	31	30	32	33	28	30	26	Read 2:485,528[2]

Read 2:485,528[3]
	1	2	3	4	5	6	7	8	9	10	11	12
A	OVRFLW	28622	3652	219	767	478	324	294	245	230	220	233	Read 2:485,528[3]
B	OVRFLW	28689	3757	222	709	478	343	291	245	226	245	260	Read 2:485,528[3]
C	214	213	191	225	221	219	201	195	222	201	236	230	Read 2:485,528[3]
D	210	204	199	194	189	198	191	199	195	218	219	212	Read 2:485,528[3]
E	205	199	216	214	204	190	194	210	209	213	201	216	Read 2:485,528[3]
F	209	198	211	212	202	194	195	205	219	197	220	196	Read 2:485,528[3]
G	225	217	201	222	188	214	200	202	199	230	229	218	Read 2:485,528[3]
H	209	197	207	229	215	206	202	183	204	205	202	186	Read 2:485,528[3]

