Read 1:600
	1	2	3	4	5	6	7	8	9	10	11	12	13	14	15	16	17	18	19	20	21	22	23	24
A	0.047	0.046	0.047	0.048	0.046	0.046	0.046	0.046	0.048	0.047	0.048	0.048	0.050	0.048	0.050	0.048	0.047	0.047	0.047	0.046	0.046	0.047	0.046	0.046	Read 1:600
B	0.050	0.047	0.047	0.046	0.046	0.046	0.047	0.046	0.047	0.047	0.047	0.046	0.047	0.049	0.050	0.048	0.054	0.049	0.048	0.046	0.046	0.046	0.046	0.045	Read 1:600
C	0.063	0.046	0.047	0.047	0.047	0.047	0.046	0.046	0.047	0.046	0.046	0.046	0.043	0.047	0.046	0.047	0.049	0.054	0.050	0.045	0.046	0.046	0.047	0.046	Read 1:600
D	0.049	0.046	0.047	0.046	0.058	0.045	0.046	0.047	0.048	0.046	0.045	0.044	0.046	0.044	0.044	0.046	0.047	0.045	0.044	0.043	0.044	0.043	0.046	0.046	Read 1:600
E	0.044	0.041	0.046	0.036	0.036	0.036	0.045	0.037	1.636	0.315	0.064	0.041	0.041	0.039	0.037	0.037	0.037	0.037	0.036	0.052	0.045	0.046	0.045	0.045	Read 1:600
F	0.046	0.047	0.047	0.048	0.046	0.047	0.046	0.036	1.698	0.307	0.067	0.044	0.035	0.037	0.042	0.045	0.040	0.037	0.036	0.050	0.056	0.047	0.046	0.045	Read 1:600
G	0.046	0.046	0.051	0.050	0.050	0.046	0.047	0.037	1.666	0.324	0.057	0.039	0.041	0.039	0.038	0.037	0.037	0.039	0.036	0.047	0.047	0.049	0.049	0.045	Read 1:600
H	0.045	0.046	0.046	0.037	0.041	0.036	0.038	0.061	0.047	0.043	0.036	0.047	0.046	0.047	0.042	0.047	0.045	0.042	0.047	0.048	0.045	0.053	0.043	0.037	Read 1:600
I	0.039	0.046	0.035	0.047	0.046	0.039	0.047	0.050	0.043	0.046	0.046	0.038	0.046	0.047	0.045	0.046	0.042	0.045	0.041	0.046	0.045	0.045	0.035	0.035	Read 1:600
J	0.044	0.037	0.044	0.045	0.046	0.048	0.049	0.046	0.046	0.035	0.046	0.036	0.036	0.043	0.046	0.046	0.047	0.047	0.046	0.045	0.048	0.035	0.036	0.035	Read 1:600
K	0.046	0.039	0.039	0.045	0.042	0.036	0.035	0.041	0.045	0.036	0.035	0.048	0.035	0.046	0.046	0.046	0.041	0.044	0.046	0.046	0.050	0.037	0.047	0.035	Read 1:600
L	0.046	0.036	0.040	0.046	0.046	0.046	0.046	0.045	0.043	0.045	0.042	0.043	0.039	0.036	0.036	0.046	0.046	0.046	0.045	0.035	0.036	0.036	0.047	0.039	Read 1:600
M	0.046	0.046	0.046	0.046	0.044	0.046	0.045	0.038	0.045	0.037	0.041	0.046	0.046	0.037	0.046	0.037	0.043	0.045	0.044	0.046	0.045	0.035	0.046	0.046	Read 1:600
N	0.046	0.046	0.045	0.046	0.046	0.046	0.046	0.046	0.046	0.046	0.046	0.046	0.045	0.046	0.045	0.046	0.046	0.046	0.046	0.036	0.046	0.046	0.040	0.048	Read 1:600
O	0.046	0.046	0.046	0.046	0.047	0.046	0.046	0.046	0.046	0.045	0.046	0.046	0.046	0.046	0.046	0.046	0.046	0.046	0.043	0.046	0.045	0.046	0.046	0.046	Read 1:600
P	0.047	0.046	0.046	0.046	0.046	0.046	0.046	0.046	0.046	0.046	0.047	0.046	0.046	0.046	0.059	0.046	0.046	0.046	0.046	0.046	0.046	0.046	0.046	0.046	Read 1:600

Read 2:485,528
	1	2	3	4	5	6	7	8	9	10	11	12	13	14	15	16	17	18	19	20	21	22	23	24
A	2	8	6	0	0	5	0	4	0	2	6	0	2	5	0	5	0	3	5	0	0	0	11	2	Read 2:485,528
B	6	5	7	3	9	4	3	9	8	2	11	5	12	5	5	3	5	4	3	0	2	0	6	0	Read 2:485,528
C	0	7	0	0	0	4	4	8	0	9	0	0	0	2	5	3	7	2	0	0	5	1	1	0	Read 2:485,528
D	3	4	0	0	6	4	6	0	3	2	0	1	6	3	3	4	2	4	6	4	3	9	2	7	Read 2:485,528
E	11	8	6	4	6	0	4	0	875	199	30	4	17	9	0	0	5	5	0	0	2	10	8	4	Read 2:485,528
F	3	14	0	5	2	5	1	0	868	200	28	11	3	4	1	5	3	10	0	6	9	9	3	6	Read 2:485,528
G	3	0	1	3	6	2	0	1	893	193	38	14	4	4	2	2	0	5	1	0	8	6	6	1	Read 2:485,528
H	10	6	4	16	5	8	1	7	7	4	0	10	9	5	2	8	2	0	0	12	6	6	3	0	Read 2:485,528
I	4	0	0	2	1	0	0	9	0	3	4	2	4	4	0	2	4	16	8	9	11	0	0	2	Read 2:485,528
J	0	0	6	0	1	15	10	2	0	3	3	8	0	2	9	8	1	6	7	0	0	4	0	6	Read 2:485,528
K	5	3	2	2	1	0	1	0	0	4	10	0	5	0	6	6	7	5	7	2	0	0	0	0	Read 2:485,528
L	0	0	0	2	13	0	7	6	2	4	5	4	0	6	7	13	1	0	0	7	4	10	9	4	Read 2:485,528
M	1	6	9	0	5	3	0	2	6	0	0	3	6	1	1	0	9	0	0	10	8	3	4	6	Read 2:485,528
N	13	0	0	11	11	20	0	10	0	0	7	3	4	6	1	0	2	2	9	8	0	4	6	9	Read 2:485,528
O	0	0	2	3	0	5	5	10	13	1	0	0	10	4	3	7	2	0	12	4	0	6	1	2	Read 2:485,528
P	1	0	18	8	6	3	3	1	2	1	1	5	5	4	2	12	0	0	4	0	4	2	0	7	Read 2:485,528

Read 2:485,528[2]
	1	2	3	4	5	6	7	8	9	10	11	12	13	14	15	16	17	18	19	20	21	22	23	24
A	27	34	35	34	25	37	27	35	33	37	36	28	33	36	23	33	29	35	36	37	37	31	20	29	Read 2:485,528[2]
B	45	32	23	37	43	32	30	33	36	43	30	23	35	41	32	28	24	32	29	32	33	24	46	27	Read 2:485,528[2]
C	35	36	24	33	31	36	33	34	42	29	23	35	42	41	30	29	31	39	31	31	25	28	38	29	Read 2:485,528[2]
D	43	37	27	31	63	28	38	30	35	44	26	34	34	38	27	28	35	33	38	37	33	36	29	27	Read 2:485,528[2]
E	29	18	35	32	31	30	37	20	17030	3781	505	148	98	63	51	32	34	38	31	38	32	24	27	35	Read 2:485,528[2]
F	33	27	23	30	34	36	34	30	16634	3902	502	138	105	65	56	42	27	31	26	40	29	32	31	30	Read 2:485,528[2]
G	30	16	35	32	25	33	35	39	17176	3844	523	166	97	64	53	40	37	31	30	31	27	33	28	33	Read 2:485,528[2]
H	34	39	28	39	33	27	31	31	30	19	30	28	28	29	38	23	40	23	33	31	36	37	34	35	Read 2:485,528[2]
I	39	29	38	33	32	35	29	33	32	32	36	36	25	30	23	36	34	34	34	34	37	29	40	35	Read 2:485,528[2]
J	42	34	35	31	28	36	26	24	34	34	32	25	34	37	23	40	24	40	28	38	36	28	32	31	Read 2:485,528[2]
K	32	33	31	30	34	31	33	34	34	28	31	27	27	28	25	37	32	33	32	23	26	34	26	39	Read 2:485,528[2]
L	29	40	33	37	30	39	29	32	41	35	31	30	20	30	26	28	26	36	29	38	38	36	36	35	Read 2:485,528[2]
M	35	32	36	39	31	33	38	28	45	30	29	32	32	30	22	37	40	27	26	26	35	31	32	23	Read 2:485,528[2]
N	21	43	32	28	27	33	33	39	20	31	35	35	27	32	26	32	31	31	27	35	32	34	33	42	Read 2:485,528[2]
O	38	31	34	19	36	36	33	32	31	34	25	30	38	31	32	26	32	36	29	40	40	36	39	42	Read 2:485,528[2]
P	32	30	31	34	39	29	26	31	38	26	34	30	35	32	31	27	31	32	23	31	34	36	38	32	Read 2:485,528[2]

Read 2:485,528[3]
	1	2	3	4	5	6	7	8	9	10	11	12	13	14	15	16	17	18	19	20	21	22	23	24
A	268	242	261	231	254	230	255	228	232	229	229	229	245	243	250	244	257	250	244	242	259	239	260	258	Read 2:485,528[3]
B	264	259	249	256	231	243	251	252	243	253	244	245	234	253	260	252	214	251	254	233	243	252	234	245	Read 2:485,528[3]
C	263	271	245	262	248	254	264	251	249	246	245	231	242	253	233	238	243	243	242	260	260	271	263	277	Read 2:485,528[3]
D	263	249	261	264	547	247	221	255	250	244	259	271	239	238	278	238	247	241	234	247	251	270	260	233	Read 2:485,528[3]
E	271	264	257	291	282	276	248	228	OVRFLW	30545	4103	1192	794	528	380	311	286	261	253	244	250	256	277	263	Read 2:485,528[3]
F	266	248	242	252	251	243	243	214	OVRFLW	31153	3990	1183	818	521	365	310	267	260	260	259	245	250	253	272	Read 2:485,528[3]
G	293	255	243	246	259	243	257	221	OVRFLW	30784	4140	1288	795	534	396	328	274	247	250	256	240	255	268	273	Read 2:485,528[3]
H	267	264	244	266	255	268	266	240	233	250	248	238	239	262	255	264	257	270	258	241	248	243	249	291	Read 2:485,528[3]
I	295	262	271	254	245	254	244	255	252	232	236	245	221	231	235	249	270	259	251	258	251	262	294	273	Read 2:485,528[3]
J	250	274	274	255	240	265	252	252	246	240	236	251	230	260	229	257	258	255	237	276	264	273	275	270	Read 2:485,528[3]
K	252	271	258	260	265	237	257	244	249	229	237	232	253	257	228	244	257	253	257	255	241	271	272	277	Read 2:485,528[3]
L	274	268	261	229	265	259	248	258	264	244	242	249	253	240	240	225	250	256	247	274	274	255	271	288	Read 2:485,528[3]
M	275	266	262	255	277	236	261	246	249	245	253	239	255	264	245	252	254	262	263	242	264	300	262	303	Read 2:485,528[3]
N	259	251	262	240	245	232	244	240	228	236	251	246	224	229	250	262	243	264	238	274	270	262	291	263	Read 2:485,528[3]
O	254	245	256	254	247	258	253	248	256	247	231	246	234	224	257	256	253	251	263	252	262	277	267	286	Read 2:485,528[3]
P	247	266	240	258	253	263	245	249	238	250	242	249	252	245	219	277	245	226	240	253	270	266	295	273	Read 2:485,528[3]

Read 3:485,528
	1	2	3	4	5	6	7	8	9	10	11	12	13	14	15	16	17	18	19	20	21	22	23	24
A	87	97	118	107	114	100	105	108	96	104	92	106	103	87	96	105	103	115	100	103	101	106	121	113	Read 3:485,528
B	131	104	111	103	100	92	116	98	99	109	105	106	90	109	85	106	100	106	111	107	109	89	105	99	Read 3:485,528
C	114	94	93	116	84	94	104	113	104	124	111	94	106	115	97	123	111	93	120	99	92	110	86	78	Read 3:485,528
D	95	106	109	105	128	118	96	118	112	115	85	107	106	106	109	91	112	99	90	107	94	117	105	124	Read 3:485,528
E	102	109	90	100	100	110	94	179	OVRFLW	34233	4186	1264	801	480	311	238	212	211	196	94	120	99	97	102	Read 3:485,528
F	102	114	110	99	110	112	104	166	OVRFLW	34864	4389	1226	746	492	344	268	221	186	188	119	109	112	108	108	Read 3:485,528
G	105	107	107	101	108	108	100	170	OVRFLW	35681	4055	1272	780	496	340	256	233	188	183	103	88	87	97	108	Read 3:485,528
H	119	96	97	109	99	92	117	104	84	95	102	84	100	110	94	104	100	94	116	97	87	121	96	97	Read 3:485,528
I	113	115	113	94	109	83	97	102	89	107	101	103	95	99	108	102	96	112	100	107	103	110	125	119	Read 3:485,528
J	104	99	103	118	95	119	113	97	99	105	114	86	89	97	100	100	113	101	116	96	97	98	126	117	Read 3:485,528
K	103	101	93	99	101	105	102	107	99	114	101	106	106	91	99	104	120	124	103	107	106	106	109	119	Read 3:485,528
L	100	98	100	107	104	95	113	94	100	109	110	103	86	79	116	82	85	108	88	101	104	98	106	90	Read 3:485,528
M	115	102	112	103	120	116	126	110	100	95	94	107	94	99	98	115	107	105	98	108	108	105	109	116	Read 3:485,528
N	100	127	92	102	101	103	102	94	103	102	100	94	96	110	111	90	103	97	121	98	108	94	95	127	Read 3:485,528
O	102	112	104	109	99	95	98	101	97	105	92	96	101	100	93	94	102	91	103	103	100	119	101	97	Read 3:485,528
P	113	107	91	95	96	111	105	96	84	103	108	115	100	97	88	90	104	103	88	105	106	102	106	113	Read 3:485,528

Read 3:485,528[2]
	1	2	3	4	5	6	7	8	9	10	11	12	13	14	15	16	17	18	19	20	21	22	23	24
A	5	5	3	2	4	6	0	3	2	12	4	0	2	5	3	0	2	3	0	0	12	2	11	0	Read 3:485,528[2]
B	0	5	1	0	5	0	0	5	4	16	0	4	0	0	0	3	1	0	9	0	5	1	0	2	Read 3:485,528[2]
C	2	0	0	3	5	0	0	1	0	0	10	3	3	0	0	0	5	3	2	0	17	0	3	0	Read 3:485,528[2]
D	0	12	14	0	3	1	0	9	0	1	7	1	6	2	0	6	1	7	1	3	9	6	0	0	Read 3:485,528[2]
E	1	0	0	0	0	6	1	0	1148	212	30	17	5	6	6	6	9	0	0	7	2	0	0	2	Read 3:485,528[2]
F	5	0	0	0	1	4	14	0	1174	224	27	8	10	0	10	0	1	5	3	0	7	6	5	0	Read 3:485,528[2]
G	3	0	5	7	6	0	2	3	1157	227	25	19	11	4	4	9	0	4	0	3	2	1	9	0	Read 3:485,528[2]
H	3	5	2	6	13	10	1	8	0	10	0	0	8	2	9	0	5	0	9	11	5	7	3	0	Read 3:485,528[2]
I	8	9	3	5	7	10	11	0	7	2	0	12	0	6	0	0	0	4	0	7	0	0	1	0	Read 3:485,528[2]
J	3	5	8	0	0	1	0	0	5	5	10	6	5	0	0	10	0	0	2	0	5	2	9	4	Read 3:485,528[2]
K	0	0	8	0	2	1	8	0	12	0	7	0	1	0	0	0	12	4	2	0	0	3	13	2	Read 3:485,528[2]
L	0	3	10	2	0	2	0	8	1	2	2	4	0	1	1	5	0	5	1	7	0	5	6	0	Read 3:485,528[2]
M	0	5	5	5	5	3	0	6	0	0	0	2	0	3	4	0	0	2	0	10	11	3	0	2	Read 3:485,528[2]
N	2	0	6	0	0	6	0	4	6	0	9	0	1	0	0	0	0	0	0	2	5	0	1	0	Read 3:485,528[2]
O	1	1	11	12	5	0	4	0	0	0	0	2	5	5	0	0	4	6	7	0	0	5	6	11	Read 3:485,528[2]
P	0	5	2	3	9	0	0	5	3	10	4	10	0	14	0	5	0	4	0	2	15	0	5	0	Read 3:485,528[2]

